Model 1
==========
Value := {(1, 1) -> -1, (2, 1) -> 2, (3, 1) -> -1}.
n_cell := {}.
e_cell := {(1, 1, 2, 1), (2, 1, 3, 1)}.
w_cell := {(2, 1, 1, 1), (3, 1, 2, 1)}.
s_cell := {}.
neighbor_cell := {(1, 1, 2, 1), (2, 1, 1, 1), (2, 1, 3, 1), (3, 1, 2, 1)}.
cell_point := {(1, 1, 1, 1), (1, 1, 1, 2), (1, 1, 2, 1), (1, 1, 2, 2), (2, 1, 2, 1), (2, 1, 2, 2), (2, 1, 3, 1), (2, 1, 3, 2), (3, 1, 3, 1), (3, 1, 3, 2), (3, 1, 4, 1), (3, 1, 4, 2)}.
nw_cp := {(1, 1, 1, 1), (2, 1, 2, 1), (3, 1, 3, 1)}.
ne_cp := {(1, 1, 2, 1), (2, 1, 3, 1), (3, 1, 4, 1)}.
sw_cp := {(1, 1, 1, 2), (2, 1, 2, 2), (3, 1, 3, 2)}.
se_cp := {(1, 1, 2, 2), (2, 1, 3, 2), (3, 1, 4, 2)}.
n_point := {(1, 2, 1, 1), (2, 2, 2, 1), (3, 2, 3, 1), (4, 2, 4, 1)}.
e_point := {(1, 1, 2, 1), (1, 2, 2, 2), (2, 1, 3, 1), (2, 2, 3, 2), (3, 1, 4, 1), (3, 2, 4, 2)}.
s_point := {(1, 1, 1, 2), (2, 1, 2, 2), (3, 1, 3, 2), (4, 1, 4, 2)}.
w_point := {(2, 1, 1, 1), (2, 2, 1, 2), (3, 1, 2, 1), (3, 2, 2, 2), (4, 1, 3, 1), (4, 2, 3, 2)}.
neighbor_point := {(1, 1, 1, 2), (1, 1, 2, 1), (1, 2, 1, 1), (1, 2, 2, 2), (2, 1, 1, 1), (2, 1, 2, 2), (2, 1, 3, 1), (2, 2, 1, 2), (2, 2, 2, 1), (2, 2, 3, 2), (3, 1, 2, 1), (3, 1, 3, 2), (3, 1, 4, 1), (3, 2, 2, 2), (3, 2, 3, 1), (3, 2, 4, 2), (4, 1, 3, 1), (4, 1, 4, 2), 
(4, 2, 3, 2), (4, 2, 4, 1)}.
nw_pc := {(2, 2, 1, 1), (3, 2, 2, 1), (4, 2, 3, 1)}.
ne_pc := {(1, 2, 1, 1), (2, 2, 2, 1), (3, 2, 3, 1)}.
sw_pc := {(2, 1, 1, 1), (3, 1, 2, 1), (4, 1, 3, 1)}.
se_pc := {(1, 1, 1, 1), (2, 1, 2, 1), (3, 1, 3, 1)}.
line := {(1, 1, 2, 1), (1, 2, 1, 1), (2, 1, 3, 1), (2, 2, 1, 2), (3, 1, 4, 1), (3, 2, 2, 2), (4, 1, 4, 2), (4, 2, 3, 2)}.
single_line := {(1, 1, 1, 1), (1, 1, 1, 2), (1, 1, 2, 1), (1, 1, 2, 2), (1, 1, 3, 1), (1, 1, 3, 2), (1, 1, 4, 1), (1, 1, 4, 2), (1, 2, 1, 1), (1, 2, 1, 2), (1, 2, 2, 1), (1, 2, 2, 2), (1, 2, 3, 1), (1, 2, 3, 2), (1, 2, 4, 1), (1, 2, 4, 2), (2, 1, 1, 1), (2, 1, 1, 2), (2, 1, 2, 1), (2, 1, 2, 2), (2, 1, 3, 1), (2, 1, 3, 2), (2, 1, 4, 1), (2, 1, 4, 2), (2, 2, 1, 1), (2, 2, 1, 2), (2, 2, 2, 1), (2, 2, 2, 2), (2, 2, 3, 1), (2, 2, 3, 2), (2, 2, 4, 1), (2, 2, 4, 2), (3, 1, 1, 1), (3, 1, 1, 2), (3, 1, 2, 1), (3, 1, 2, 2), (3, 1, 3, 1), (3, 1, 3, 2), (3, 1, 4, 1), (3, 1, 4, 2), (3, 2, 1, 1), (3, 2, 1, 2), (3, 2, 2, 1), (3, 2, 2, 2), (3, 2, 3, 1), (3, 2, 3, 2), (3, 2, 4, 1), (3, 2, 4, 2), (4, 1, 1, 1), (4, 1, 1, 2), (4, 1, 2, 1), (4, 1, 2, 2), (4, 1, 3, 1), (4, 1, 3, 2), (4, 1, 4, 1), (4, 1, 4, 2), (4, 2, 1, 1), (4, 2, 1, 2), (4, 2, 2, 1), (4, 2, 2, 2), (4, 2, 3, 1), (4, 2, 3, 2), (4, 2, 4, 1), (4, 2, 4, 2)}.


Model 2
==========
Value := {(1, 1) -> -1, (2, 1) -> 2, (3, 1) -> -1}.
n_cell := {}.
e_cell := {(1, 1, 2, 1), (2, 1, 3, 1)}.
w_cell := {(2, 1, 1, 1), (3, 1, 2, 1)}.
s_cell := {}.
neighbor_cell := {(1, 1, 2, 1), (2, 1, 1, 1), (2, 1, 3, 1), (3, 1, 2, 1)}.
cell_point := {(1, 1, 1, 1), (1, 1, 1, 2), (1, 1, 2, 1), (1, 1, 2, 2), (2, 1, 2, 1), (2, 1, 2, 2), (2, 1, 3, 1), (2, 1, 3, 2), (3, 1, 3, 1), (3, 1, 3, 2), (3, 1, 4, 1), (3, 1, 4, 2)}.
nw_cp := {(1, 1, 1, 1), (2, 1, 2, 1), (3, 1, 3, 1)}.
ne_cp := {(1, 1, 2, 1), (2, 1, 3, 1), (3, 1, 4, 1)}.
sw_cp := {(1, 1, 1, 2), (2, 1, 2, 2), (3, 1, 3, 2)}.
se_cp := {(1, 1, 2, 2), (2, 1, 3, 2), (3, 1, 4, 2)}.
n_point := {(1, 2, 1, 1), (2, 2, 2, 1), (3, 2, 3, 1), (4, 2, 4, 1)}.
e_point := {(1, 1, 2, 1), (1, 2, 2, 2), (2, 1, 3, 1), (2, 2, 3, 2), (3, 1, 4, 1), (3, 2, 4, 2)}.
s_point := {(1, 1, 1, 2), (2, 1, 2, 2), (3, 1, 3, 2), (4, 1, 4, 2)}.
w_point := {(2, 1, 1, 1), (2, 2, 1, 2), (3, 1, 2, 1), (3, 2, 2, 2), (4, 1, 3, 1), (4, 2, 3, 2)}.
neighbor_point := {(1, 1, 1, 2), (1, 1, 2, 1), (1, 2, 1, 1), (1, 2, 2, 2), (2, 1, 1, 1), (2, 1, 2, 2), (2, 1, 3, 1), (2, 2, 1, 2), (2, 2, 2, 1), (2, 2, 3, 2), (3, 1, 2, 1), (3, 1, 3, 2), (3, 1, 4, 1), (3, 2, 2, 2), (3, 2, 3, 1), (3, 2, 4, 2), (4, 1, 3, 1), (4, 1, 4, 2), 
(4, 2, 3, 2), (4, 2, 4, 1)}.
nw_pc := {(2, 2, 1, 1), (3, 2, 2, 1), (4, 2, 3, 1)}.
ne_pc := {(1, 2, 1, 1), (2, 2, 2, 1), (3, 2, 3, 1)}.
sw_pc := {(2, 1, 1, 1), (3, 1, 2, 1), (4, 1, 3, 1)}.
se_pc := {(1, 1, 1, 1), (2, 1, 2, 1), (3, 1, 3, 1)}.
line := {(1, 1, 1, 2), (1, 2, 2, 2), (2, 1, 1, 1), (2, 2, 3, 2), (3, 1, 2, 1), (3, 2, 4, 2), (4, 1, 3, 1), (4, 2, 4, 1)}.
single_line := {(1, 1, 1, 1), (1, 1, 1, 2), (1, 1, 2, 1), (1, 1, 2, 2), (1, 1, 3, 1), (1, 1, 3, 2), (1, 1, 4, 1), (1, 1, 4, 2), (1, 2, 1, 1), (1, 2, 1, 2), (1, 2, 2, 1), (1, 2, 2, 2), (1, 2, 3, 1), (1, 2, 3, 2), (1, 2, 4, 1), (1, 2, 4, 2), (2, 1, 1, 1), (2, 1, 1, 2), (2, 1, 2, 1), (2, 1, 2, 2), (2, 1, 3, 1), (2, 1, 3, 2), (2, 1, 4, 1), (2, 1, 4, 2), (2, 2, 1, 1), (2, 2, 1, 2), (2, 2, 2, 1), (2, 2, 2, 2), (2, 2, 3, 1), (2, 2, 3, 2), (2, 2, 4, 1), (2, 2, 4, 2), (3, 1, 1, 1), (3, 1, 1, 2), (3, 1, 2, 1), (3, 1, 2, 2), (3, 1, 3, 1), (3, 1, 3, 2), (3, 1, 4, 1), (3, 1, 4, 2), (3, 2, 1, 1), (3, 2, 1, 2), (3, 2, 2, 1), (3, 2, 2, 2), (3, 2, 3, 1), (3, 2, 3, 2), (3, 2, 4, 1), (3, 2, 4, 2), (4, 1, 1, 1), (4, 1, 1, 2), (4, 1, 2, 1), (4, 1, 2, 2), (4, 1, 3, 1), (4, 1, 3, 2), (4, 1, 4, 1), (4, 1, 4, 2), (4, 2, 1, 1), (4, 2, 1, 2), (4, 2, 2, 1), (4, 2, 2, 2), (4, 2, 3, 1), (4, 2, 3, 2), (4, 2, 4, 1), (4, 2, 4, 2)}.


Model 3
==========
Value := {(1, 1) -> -1, (2, 1) -> 2, (3, 1) -> -1}.
n_cell := {}.
e_cell := {(1, 1, 2, 1), (2, 1, 3, 1)}.
w_cell := {(2, 1, 1, 1), (3, 1, 2, 1)}.
s_cell := {}.
neighbor_cell := {(1, 1, 2, 1), (2, 1, 1, 1), (2, 1, 3, 1), (3, 1, 2, 1)}.
cell_point := {(1, 1, 1, 1), (1, 1, 1, 2), (1, 1, 2, 1), (1, 1, 2, 2), (2, 1, 2, 1), (2, 1, 2, 2), (2, 1, 3, 1), (2, 1, 3, 2), (3, 1, 3, 1), (3, 1, 3, 2), (3, 1, 4, 1), (3, 1, 4, 2)}.
nw_cp := {(1, 1, 1, 1), (2, 1, 2, 1), (3, 1, 3, 1)}.
ne_cp := {(1, 1, 2, 1), (2, 1, 3, 1), (3, 1, 4, 1)}.
sw_cp := {(1, 1, 1, 2), (2, 1, 2, 2), (3, 1, 3, 2)}.
se_cp := {(1, 1, 2, 2), (2, 1, 3, 2), (3, 1, 4, 2)}.
n_point := {(1, 2, 1, 1), (2, 2, 2, 1), (3, 2, 3, 1), (4, 2, 4, 1)}.
e_point := {(1, 1, 2, 1), (1, 2, 2, 2), (2, 1, 3, 1), (2, 2, 3, 2), (3, 1, 4, 1), (3, 2, 4, 2)}.
s_point := {(1, 1, 1, 2), (2, 1, 2, 2), (3, 1, 3, 2), (4, 1, 4, 2)}.
w_point := {(2, 1, 1, 1), (2, 2, 1, 2), (3, 1, 2, 1), (3, 2, 2, 2), (4, 1, 3, 1), (4, 2, 3, 2)}.
neighbor_point := {(1, 1, 1, 2), (1, 1, 2, 1), (1, 2, 1, 1), (1, 2, 2, 2), (2, 1, 1, 1), (2, 1, 2, 2), (2, 1, 3, 1), (2, 2, 1, 2), (2, 2, 2, 1), (2, 2, 3, 2), (3, 1, 2, 1), (3, 1, 3, 2), (3, 1, 4, 1), (3, 2, 2, 2), (3, 2, 3, 1), (3, 2, 4, 2), (4, 1, 3, 1), (4, 1, 4, 2), 
(4, 2, 3, 2), (4, 2, 4, 1)}.
nw_pc := {(2, 2, 1, 1), (3, 2, 2, 1), (4, 2, 3, 1)}.
ne_pc := {(1, 2, 1, 1), (2, 2, 2, 1), (3, 2, 3, 1)}.
sw_pc := {(2, 1, 1, 1), (3, 1, 2, 1), (4, 1, 3, 1)}.
se_pc := {(1, 1, 1, 1), (2, 1, 2, 1), (3, 1, 3, 1)}.
line := {(1, 1, 1, 2), (1, 2, 2, 2), (2, 1, 1, 1), (2, 2, 2, 1), (3, 1, 4, 1), (3, 2, 3, 1), (4, 1, 4, 2), (4, 2, 3, 2)}.
single_line := {(1, 1, 1, 1), (1, 1, 1, 2), (1, 1, 2, 1), (1, 1, 2, 2), (1, 2, 1, 1), (1, 2, 1, 2), (1, 2, 2, 1), (1, 2, 2, 2), (2, 1, 1, 1), (2, 1, 1, 2), (2, 1, 2, 1), (2, 1, 2, 2), (2, 2, 1, 1), (2, 2, 1, 2), (2, 2, 2, 1), (2, 2, 2, 2), (3, 1, 3, 1), (3, 1, 3, 2), (3, 1, 4, 1), (3, 1, 4, 2), (3, 2, 3, 1), (3, 2, 3, 2), (3, 2, 4, 1), (3, 2, 4, 2), (4, 1, 3, 1), (4, 1, 3, 2), (4, 1, 4, 1), (4, 1, 4, 2), (4, 2, 3, 1), (4, 2, 3, 2), (4, 2, 4, 1), (4, 2, 4, 2)}.


Model 4
==========
Value := {(1, 1) -> -1, (2, 1) -> 2, (3, 1) -> -1}.
n_cell := {}.
e_cell := {(1, 1, 2, 1), (2, 1, 3, 1)}.
w_cell := {(2, 1, 1, 1), (3, 1, 2, 1)}.
s_cell := {}.
neighbor_cell := {(1, 1, 2, 1), (2, 1, 1, 1), (2, 1, 3, 1), (3, 1, 2, 1)}.
cell_point := {(1, 1, 1, 1), (1, 1, 1, 2), (1, 1, 2, 1), (1, 1, 2, 2), (2, 1, 2, 1), (2, 1, 2, 2), (2, 1, 3, 1), (2, 1, 3, 2), (3, 1, 3, 1), (3, 1, 3, 2), (3, 1, 4, 1), (3, 1, 4, 2)}.
nw_cp := {(1, 1, 1, 1), (2, 1, 2, 1), (3, 1, 3, 1)}.
ne_cp := {(1, 1, 2, 1), (2, 1, 3, 1), (3, 1, 4, 1)}.
sw_cp := {(1, 1, 1, 2), (2, 1, 2, 2), (3, 1, 3, 2)}.
se_cp := {(1, 1, 2, 2), (2, 1, 3, 2), (3, 1, 4, 2)}.
n_point := {(1, 2, 1, 1), (2, 2, 2, 1), (3, 2, 3, 1), (4, 2, 4, 1)}.
e_point := {(1, 1, 2, 1), (1, 2, 2, 2), (2, 1, 3, 1), (2, 2, 3, 2), (3, 1, 4, 1), (3, 2, 4, 2)}.
s_point := {(1, 1, 1, 2), (2, 1, 2, 2), (3, 1, 3, 2), (4, 1, 4, 2)}.
w_point := {(2, 1, 1, 1), (2, 2, 1, 2), (3, 1, 2, 1), (3, 2, 2, 2), (4, 1, 3, 1), (4, 2, 3, 2)}.
neighbor_point := {(1, 1, 1, 2), (1, 1, 2, 1), (1, 2, 1, 1), (1, 2, 2, 2), (2, 1, 1, 1), (2, 1, 2, 2), (2, 1, 3, 1), (2, 2, 1, 2), (2, 2, 2, 1), (2, 2, 3, 2), (3, 1, 2, 1), (3, 1, 3, 2), (3, 1, 4, 1), (3, 2, 2, 2), (3, 2, 3, 1), (3, 2, 4, 2), (4, 1, 3, 1), (4, 1, 4, 2), 
(4, 2, 3, 2), (4, 2, 4, 1)}.
nw_pc := {(2, 2, 1, 1), (3, 2, 2, 1), (4, 2, 3, 1)}.
ne_pc := {(1, 2, 1, 1), (2, 2, 2, 1), (3, 2, 3, 1)}.
sw_pc := {(2, 1, 1, 1), (3, 1, 2, 1), (4, 1, 3, 1)}.
se_pc := {(1, 1, 1, 1), (2, 1, 2, 1), (3, 1, 3, 1)}.
line := {(1, 1, 1, 2), (1, 2, 2, 2), (2, 1, 1, 1), (2, 2, 2, 1), (3, 1, 3, 2), (3, 2, 4, 2), (4, 1, 3, 1), (4, 2, 4, 1)}.
single_line := {(1, 1, 1, 1), (1, 1, 1, 2), (1, 1, 2, 1), (1, 1, 2, 2), (1, 2, 1, 1), (1, 2, 1, 2), (1, 2, 2, 1), (1, 2, 2, 2), (2, 1, 1, 1), (2, 1, 1, 2), (2, 1, 2, 1), (2, 1, 2, 2), (2, 2, 1, 1), (2, 2, 1, 2), (2, 2, 2, 1), (2, 2, 2, 2), (3, 1, 3, 1), (3, 1, 3, 2), (3, 1, 4, 1), (3, 1, 4, 2), (3, 2, 3, 1), (3, 2, 3, 2), (3, 2, 4, 1), (3, 2, 4, 2), (4, 1, 3, 1), (4, 1, 3, 2), (4, 1, 4, 1), (4, 1, 4, 2), (4, 2, 3, 1), (4, 2, 3, 2), (4, 2, 4, 1), (4, 2, 4, 2)}.


Model 5
==========
Value := {(1, 1) -> -1, (2, 1) -> 2, (3, 1) -> -1}.
n_cell := {}.
e_cell := {(1, 1, 2, 1), (2, 1, 3, 1)}.
w_cell := {(2, 1, 1, 1), (3, 1, 2, 1)}.
s_cell := {}.
neighbor_cell := {(1, 1, 2, 1), (2, 1, 1, 1), (2, 1, 3, 1), (3, 1, 2, 1)}.
cell_point := {(1, 1, 1, 1), (1, 1, 1, 2), (1, 1, 2, 1), (1, 1, 2, 2), (2, 1, 2, 1), (2, 1, 2, 2), (2, 1, 3, 1), (2, 1, 3, 2), (3, 1, 3, 1), (3, 1, 3, 2), (3, 1, 4, 1), (3, 1, 4, 2)}.
nw_cp := {(1, 1, 1, 1), (2, 1, 2, 1), (3, 1, 3, 1)}.
ne_cp := {(1, 1, 2, 1), (2, 1, 3, 1), (3, 1, 4, 1)}.
sw_cp := {(1, 1, 1, 2), (2, 1, 2, 2), (3, 1, 3, 2)}.
se_cp := {(1, 1, 2, 2), (2, 1, 3, 2), (3, 1, 4, 2)}.
n_point := {(1, 2, 1, 1), (2, 2, 2, 1), (3, 2, 3, 1), (4, 2, 4, 1)}.
e_point := {(1, 1, 2, 1), (1, 2, 2, 2), (2, 1, 3, 1), (2, 2, 3, 2), (3, 1, 4, 1), (3, 2, 4, 2)}.
s_point := {(1, 1, 1, 2), (2, 1, 2, 2), (3, 1, 3, 2), (4, 1, 4, 2)}.
w_point := {(2, 1, 1, 1), (2, 2, 1, 2), (3, 1, 2, 1), (3, 2, 2, 2), (4, 1, 3, 1), (4, 2, 3, 2)}.
neighbor_point := {(1, 1, 1, 2), (1, 1, 2, 1), (1, 2, 1, 1), (1, 2, 2, 2), (2, 1, 1, 1), (2, 1, 2, 2), (2, 1, 3, 1), (2, 2, 1, 2), (2, 2, 2, 1), (2, 2, 3, 2), (3, 1, 2, 1), (3, 1, 3, 2), (3, 1, 4, 1), (3, 2, 2, 2), (3, 2, 3, 1), (3, 2, 4, 2), (4, 1, 3, 1), (4, 1, 4, 2), 
(4, 2, 3, 2), (4, 2, 4, 1)}.
nw_pc := {(2, 2, 1, 1), (3, 2, 2, 1), (4, 2, 3, 1)}.
ne_pc := {(1, 2, 1, 1), (2, 2, 2, 1), (3, 2, 3, 1)}.
sw_pc := {(2, 1, 1, 1), (3, 1, 2, 1), (4, 1, 3, 1)}.
se_pc := {(1, 1, 1, 1), (2, 1, 2, 1), (3, 1, 3, 1)}.
line := {(1, 1, 2, 1), (1, 2, 1, 1), (2, 1, 2, 2), (2, 2, 1, 2), (3, 1, 4, 1), (3, 2, 3, 1), (4, 1, 4, 2), (4, 2, 3, 2)}.
single_line := {(1, 1, 1, 1), (1, 1, 1, 2), (1, 1, 2, 1), (1, 1, 2, 2), (1, 2, 1, 1), (1, 2, 1, 2), (1, 2, 2, 1), (1, 2, 2, 2), (2, 1, 1, 1), (2, 1, 1, 2), (2, 1, 2, 1), (2, 1, 2, 2), (2, 2, 1, 1), (2, 2, 1, 2), (2, 2, 2, 1), (2, 2, 2, 2), (3, 1, 3, 1), (3, 1, 3, 2), (3, 1, 4, 1), (3, 1, 4, 2), (3, 2, 3, 1), (3, 2, 3, 2), (3, 2, 4, 1), (3, 2, 4, 2), (4, 1, 3, 1), (4, 1, 3, 2), (4, 1, 4, 1), (4, 1, 4, 2), (4, 2, 3, 1), (4, 2, 3, 2), (4, 2, 4, 1), (4, 2, 4, 2)}.


Model 6
==========
Value := {(1, 1) -> -1, (2, 1) -> 2, (3, 1) -> -1}.
n_cell := {}.
e_cell := {(1, 1, 2, 1), (2, 1, 3, 1)}.
w_cell := {(2, 1, 1, 1), (3, 1, 2, 1)}.
s_cell := {}.
neighbor_cell := {(1, 1, 2, 1), (2, 1, 1, 1), (2, 1, 3, 1), (3, 1, 2, 1)}.
cell_point := {(1, 1, 1, 1), (1, 1, 1, 2), (1, 1, 2, 1), (1, 1, 2, 2), (2, 1, 2, 1), (2, 1, 2, 2), (2, 1, 3, 1), (2, 1, 3, 2), (3, 1, 3, 1), (3, 1, 3, 2), (3, 1, 4, 1), (3, 1, 4, 2)}.
nw_cp := {(1, 1, 1, 1), (2, 1, 2, 1), (3, 1, 3, 1)}.
ne_cp := {(1, 1, 2, 1), (2, 1, 3, 1), (3, 1, 4, 1)}.
sw_cp := {(1, 1, 1, 2), (2, 1, 2, 2), (3, 1, 3, 2)}.
se_cp := {(1, 1, 2, 2), (2, 1, 3, 2), (3, 1, 4, 2)}.
n_point := {(1, 2, 1, 1), (2, 2, 2, 1), (3, 2, 3, 1), (4, 2, 4, 1)}.
e_point := {(1, 1, 2, 1), (1, 2, 2, 2), (2, 1, 3, 1), (2, 2, 3, 2), (3, 1, 4, 1), (3, 2, 4, 2)}.
s_point := {(1, 1, 1, 2), (2, 1, 2, 2), (3, 1, 3, 2), (4, 1, 4, 2)}.
w_point := {(2, 1, 1, 1), (2, 2, 1, 2), (3, 1, 2, 1), (3, 2, 2, 2), (4, 1, 3, 1), (4, 2, 3, 2)}.
neighbor_point := {(1, 1, 1, 2), (1, 1, 2, 1), (1, 2, 1, 1), (1, 2, 2, 2), (2, 1, 1, 1), (2, 1, 2, 2), (2, 1, 3, 1), (2, 2, 1, 2), (2, 2, 2, 1), (2, 2, 3, 2), (3, 1, 2, 1), (3, 1, 3, 2), (3, 1, 4, 1), (3, 2, 2, 2), (3, 2, 3, 1), (3, 2, 4, 2), (4, 1, 3, 1), (4, 1, 4, 2), 
(4, 2, 3, 2), (4, 2, 4, 1)}.
nw_pc := {(2, 2, 1, 1), (3, 2, 2, 1), (4, 2, 3, 1)}.
ne_pc := {(1, 2, 1, 1), (2, 2, 2, 1), (3, 2, 3, 1)}.
sw_pc := {(2, 1, 1, 1), (3, 1, 2, 1), (4, 1, 3, 1)}.
se_pc := {(1, 1, 1, 1), (2, 1, 2, 1), (3, 1, 3, 1)}.
line := {(1, 1, 2, 1), (1, 2, 1, 1), (2, 1, 2, 2), (2, 2, 1, 2), (3, 1, 3, 2), (3, 2, 4, 2), (4, 1, 3, 1), (4, 2, 4, 1)}.
single_line := {(1, 1, 1, 1), (1, 1, 1, 2), (1, 1, 2, 1), (1, 1, 2, 2), (1, 2, 1, 1), (1, 2, 1, 2), (1, 2, 2, 1), (1, 2, 2, 2), (2, 1, 1, 1), (2, 1, 1, 2), (2, 1, 2, 1), (2, 1, 2, 2), (2, 2, 1, 1), (2, 2, 1, 2), (2, 2, 2, 1), (2, 2, 2, 2), (3, 1, 3, 1), (3, 1, 3, 2), (3, 1, 4, 1), (3, 1, 4, 2), (3, 2, 3, 1), (3, 2, 3, 2), (3, 2, 4, 1), (3, 2, 4, 2), (4, 1, 3, 1), (4, 1, 3, 2), (4, 1, 4, 1), (4, 1, 4, 2), (4, 2, 3, 1), (4, 2, 3, 2), (4, 2, 4, 1), (4, 2, 4, 2)}.

No more models.
Elapsed time: 113352.97916483879 seconds
met =>
is dus fout

================================================================================================================================================================================================================================================================================================================================================================================================================

pretty_print(model_expand(T, S31, max = 3))
Elapsed time: 32h
met <=> no models found
is dus fout



================================================================================================================================================================================================================================================================================================================================================================================================================

Model 1
==========
Value := {(1, 1) -> -1, (2, 1) -> 2, (3, 1) -> -1}.
n_cell := {}.
e_cell := {(1, 1, 2, 1), (2, 1, 3, 1)}.
w_cell := {(2, 1, 1, 1), (3, 1, 2, 1)}.
s_cell := {}.
neighbor_cell := {(1, 1, 2, 1), (2, 1, 1, 1), (2, 1, 3, 1), (3, 1, 2, 1)}.
cell_point := {(1, 1, 1, 1), (1, 1, 1, 2), (1, 1, 2, 1), (1, 1, 2, 2), (2, 1, 2, 1), (2, 1, 2, 2), (2, 1, 3, 1), (2, 1, 3, 2), (3, 1, 3, 1), (3, 1, 3, 2), (3, 1, 4, 1), (3, 1, 4, 2)}.
nw_cp := {(1, 1, 1, 1), (2, 1, 2, 1), (3, 1, 3, 1)}.
ne_cp := {(1, 1, 2, 1), (2, 1, 3, 1), (3, 1, 4, 1)}.
sw_cp := {(1, 1, 1, 2), (2, 1, 2, 2), (3, 1, 3, 2)}.
se_cp := {(1, 1, 2, 2), (2, 1, 3, 2), (3, 1, 4, 2)}.
n_point := {(1, 2, 1, 1), (2, 2, 2, 1), (3, 2, 3, 1), (4, 2, 4, 1)}.
e_point := {(1, 1, 2, 1), (1, 2, 2, 2), (2, 1, 3, 1), (2, 2, 3, 2), (3, 1, 4, 1), (3, 2, 4, 2)}.
s_point := {(1, 1, 1, 2), (2, 1, 2, 2), (3, 1, 3, 2), (4, 1, 4, 2)}.
w_point := {(2, 1, 1, 1), (2, 2, 1, 2), (3, 1, 2, 1), (3, 2, 2, 2), (4, 1, 3, 1), (4, 2, 3, 2)}.
neighbor_point := {(1, 1, 1, 2), (1, 1, 2, 1), (1, 2, 1, 1), (1, 2, 2, 2), (2, 1, 1, 1), (2, 1, 2, 2), (2, 1, 3, 1), (2, 2, 1, 2), (2, 2, 2, 1), (2, 2, 3, 2), (3, 1, 2, 1), (3, 1, 3, 2), (3, 1, 4, 1), (3, 2, 2, 2), (3, 2, 3, 1), (3, 2, 4, 2), (4, 1, 3, 
1), (4, 1, 4, 2), (4, 2, 3, 2), (4, 2, 4, 1)}.
nw_pc := {(2, 2, 1, 1), (3, 2, 2, 1), (4, 2, 3, 1)}.
ne_pc := {(1, 2, 1, 1), (2, 2, 2, 1), (3, 2, 3, 1)}.
sw_pc := {(2, 1, 1, 1), (3, 1, 2, 1), (4, 1, 3, 1)}.
se_pc := {(1, 1, 1, 1), (2, 1, 2, 1), (3, 1, 3, 1)}.
line := {(1, 1, 2, 1), (1, 2, 1, 1), (2, 1, 3, 1), (2, 2, 1, 2), (3, 1, 4, 1), (3, 2, 2, 2), (4, 1, 4, 2), (4, 2, 3, 2)}.
single_line := {(1, 1, 1, 1), (1, 1, 1, 2), (1, 1, 2, 1), (1, 1, 2, 2), (1, 1, 3, 1), (1, 1, 3, 2), (1, 1, 4, 1), (1, 1, 4, 2), (1, 2, 1, 1), (1, 2, 1, 2), (1, 2, 2, 1), (1, 2, 2, 2), (1, 2, 3, 1), (1, 2, 3, 2), (1, 2, 4, 1), (1, 2, 4, 2), (2, 1, 1, 1), (2, 1, 1, 2), (2, 1, 2, 1), (2, 1, 2, 2), (2, 1, 3, 1), (2, 1, 3, 2), (2, 1, 4, 1), (2, 1, 4, 2), (2, 2, 1, 1), (2, 2, 1, 2), (2, 2, 2, 1), (2, 2, 2, 2), (2, 2, 3, 1), (2, 2, 3, 2), (2, 2, 4, 1), (2, 2, 4, 2), (3, 1, 1, 1), (3, 1, 1, 2), (3, 1, 2, 1), 
(3, 1, 2, 2), (3, 1, 3, 1), (3, 1, 3, 2), (3, 1, 4, 1), (3, 1, 4, 2), (3, 2, 1, 1), (3, 2, 1, 2), (3, 2, 2, 1), (3, 2, 2, 2), (3, 2, 3, 1), (3, 2, 3, 2), (3, 2, 4, 1), (3, 2, 4, 2), (4, 1, 1, 1), (4, 1, 1, 2), (4, 1, 2, 1), (4, 1, 2, 2), (4, 1, 3, 1), (4, 1, 3, 2), (4, 1, 4, 1), (4, 1, 4, 2), (4, 2, 1, 1), (4, 2, 1, 2), (4, 2, 2, 1), (4, 2, 2, 2), (4, 2, 3, 1), (4, 2, 3, 2), (4, 2, 4, 1), (4, 2, 4, 2)}.


Model 2
==========
Value := {(1, 1) -> -1, (2, 1) -> 2, (3, 1) -> -1}.
n_cell := {}.
e_cell := {(1, 1, 2, 1), (2, 1, 3, 1)}.
w_cell := {(2, 1, 1, 1), (3, 1, 2, 1)}.
s_cell := {}.
neighbor_cell := {(1, 1, 2, 1), (2, 1, 1, 1), (2, 1, 3, 1), (3, 1, 2, 1)}.
cell_point := {(1, 1, 1, 1), (1, 1, 1, 2), (1, 1, 2, 1), (1, 1, 2, 2), (2, 1, 2, 1), (2, 1, 2, 2), (2, 1, 3, 1), (2, 1, 3, 2), (3, 1, 3, 1), (3, 1, 3, 2), (3, 1, 4, 1), (3, 1, 4, 2)}.
nw_cp := {(1, 1, 1, 1), (2, 1, 2, 1), (3, 1, 3, 1)}.
ne_cp := {(1, 1, 2, 1), (2, 1, 3, 1), (3, 1, 4, 1)}.
sw_cp := {(1, 1, 1, 2), (2, 1, 2, 2), (3, 1, 3, 2)}.
se_cp := {(1, 1, 2, 2), (2, 1, 3, 2), (3, 1, 4, 2)}.
n_point := {(1, 2, 1, 1), (2, 2, 2, 1), (3, 2, 3, 1), (4, 2, 4, 1)}.
e_point := {(1, 1, 2, 1), (1, 2, 2, 2), (2, 1, 3, 1), (2, 2, 3, 2), (3, 1, 4, 1), (3, 2, 4, 2)}.
s_point := {(1, 1, 1, 2), (2, 1, 2, 2), (3, 1, 3, 2), (4, 1, 4, 2)}.
w_point := {(2, 1, 1, 1), (2, 2, 1, 2), (3, 1, 2, 1), (3, 2, 2, 2), (4, 1, 3, 1), (4, 2, 3, 2)}.
neighbor_point := {(1, 1, 1, 2), (1, 1, 2, 1), (1, 2, 1, 1), (1, 2, 2, 2), (2, 1, 1, 1), (2, 1, 2, 2), (2, 1, 3, 1), (2, 2, 1, 2), (2, 2, 2, 1), (2, 2, 3, 2), (3, 1, 2, 1), (3, 1, 3, 2), (3, 1, 4, 1), (3, 2, 2, 2), (3, 2, 3, 1), (3, 2, 4, 2), (4, 1, 3, 1), (4, 1, 4, 2), 
nw_pc := {(2, 2, 1, 1), (3, 2, 2, 1), (4, 2, 3, 1)}.
ne_pc := {(1, 2, 1, 1), (2, 2, 2, 1), (3, 2, 3, 1)}.
sw_pc := {(2, 1, 1, 1), (3, 1, 2, 1), (4, 1, 3, 1)}.
se_pc := {(1, 1, 1, 1), (2, 1, 2, 1), (3, 1, 3, 1)}.
line := {(1, 1, 1, 2), (1, 2, 2, 2), (2, 1, 1, 1), (2, 2, 3, 2), (3, 1, 2, 1), (3, 2, 4, 2), (4, 1, 3, 1), (4, 2, 4, 1)}.
single_line := {(1, 1, 1, 1), (1, 1, 1, 2), (1, 1, 2, 1), (1, 1, 2, 2), (1, 1, 3, 1), (1, 1, 3, 2), (1, 1, 4, 1), (1, 1, 4, 2), (1, 2, 1, 1), (1, 2, 1, 2), (1, 2, 2, 1), (1, 2, 2, 2), (1, 2, 3, 1), (1, 2, 3, 2), (1, 2, 4, 1), (1, 2, 4, 2), (2, 1, 1, 1), (2, 1, 1, 2), (2, 1, 2, 1), (2, 1, 2, 2), (2, 1, 3, 1), (2, 1, 3, 2), (2, 1, 4, 1), (2, 1, 4, 2), (2, 2, 1, 1), (2, 2, 1, 2), (2, 2, 2, 1), (2, 2, 2, 2), (2, 2, 3, 1), (2, 2, 3, 2), (2, 2, 4, 1), (2, 2, 4, 2), (3, 1, 1, 1), (3, 1, 1, 2), (3, 1, 2, 1), (3, 1, 2, 2), (3, 1, 3, 1), (3, 1, 3, 2), (3, 1, 4, 1), (3, 1, 4, 2), (3, 2, 1, 1), (3, 2, 1, 2), (3, 2, 2, 1), (3, 2, 2, 2), (3, 2, 3, 1), (3, 2, 3, 2), (3, 2, 4, 1), (3, 2, 4, 2), (4, 1, 1, 1), (4, 1, 1, 2), (4, 1, 2, 1), (4, 1, 2, 2), (4, 1, 3, 1), (4, 1, 3, 2), (4, 1, 4, 1), (4, 1, 4, 2), (4, 2, 1, 1), (4, 2, 1, 2), (4, 2, 2, 1), (4, 2, 2, 2), (4, 2, 3, 1), (4, 2, 3, 2), (4, 2, 4, 1), (4, 2, 4, 2)}.


No more models.
pretty_print(model_expand(T, S31, max = 3))
dus juist wooooooooooooooooooo
================================================================================================================================================================================================================================================================================================================================================================================================================

pretty_print(model_expand(T, S3, max = 3, timeout_seconds = 100000))
